1.393312291188528507e+00 1.339993511396453174e+00 1.269317710492839701e+00 1.181428083585273514e+00 1.056870080752067453e+00 9.612420620056476572e-01 8.347560707111271183e-01 7.228277026965613805e-01 5.717084000493380946e-01 4.598755601845235796e-01 3.467033267841309607e-01 2.530831589947198368e-01 1.875623982978691096e-01 1.365278567166911539e-01 6.892076629831232759e-02 -1.683844828650883294e-02 -5.392750972188198322e-02 -5.609801095223538453e-02 -5.495775386328463630e-02 -5.635939391121943393e-02 -1.715751389593709042e-01 6.830775940574942418e-01 3.271105615360594410e-01
1.339993511396453174e+00 1.296188432880085895e+00 1.235809284165960253e+00 1.157970733334663604e+00 1.042238422854421920e+00 9.539278978464946768e-01 8.327631497970631180e-01 7.247288308553682112e-01 5.782089119578140979e-01 4.684569989310103377e-01 3.581143025432786953e-01 2.665619622265636979e-01 2.021025646511566132e-01 1.490443340055639110e-01 8.320781569580433523e-02 3.664630146192959098e-03 -3.310004340623979441e-02 -3.613170911631238130e-02 -3.540721763212240775e-02 -3.691227200701542588e-02 -1.575445808611841136e-01 6.764110576131300290e-01 3.304634303679607199e-01
1.269317710492839701e+00 1.235809284165960253e+00 1.189842257694980976e+00 1.124972351772441259e+00 1.021689683516964653e+00 9.428333675524628310e-01 8.294679063072062375e-01 7.271888502946268762e-01 5.869934605641653480e-01 4.804906609373609250e-01 3.732507079045697673e-01 2.832485496333599362e-01 2.192495837445482265e-01 1.637818192504396642e-01 9.922879827271434416e-02 2.151193492605693938e-02 -1.448840035701615472e-02 -1.883187065117429906e-02 -1.908801500443239527e-02 -2.127342235054940217e-02 -1.350387625835640648e-01 6.744917292874047510e-01 3.376461053587379579e-01
1.181428083585273514e+00 1.157970733334663604e+00 1.124972351772441259e+00 1.075672939022677355e+00 9.894044784573978735e-01 9.221735322525619338e-01 8.204263513834879618e-01 7.268576234616339615e-01 5.963296790681537063e-01 4.953353651598003671e-01 3.928085988830446462e-01 3.056123450371144301e-01 2.431056749616862522e-01 1.844108585152422486e-01 1.200348919526919994e-01 4.211912432676624685e-02 5.100915755385043715e-03 -2.102931872301423959e-03 -4.720778494629210981e-03 -8.914157839782319015e-03 -1.031103320461504852e-01 6.788282554505670197e-01 3.487650303355481207e-01
1.056870080752067453e+00 1.042238422854421920e+00 1.021689683516964653e+00 9.894044784573978735e-01 9.288824594139444280e-01 8.756289260650472750e-01 7.926893916713950716e-01 7.129521821840917317e-01 5.984128709760977438e-01 5.069254124050225352e-01 4.117901079916711504e-01 3.294316402657680998e-01 2.706712797128298931e-01 2.104265810073416287e-01 1.448821714936094629e-01 6.013186690652797678e-02 1.766245487665439248e-02 4.359087074736604263e-03 -3.740235691488338551e-03 -1.298662636471788548e-02 -4.244886188269150068e-02 6.756070396967536196e-01 3.577261039480089111e-01
9.612420620056476572e-01 9.539278978464946768e-01 9.428333675524628310e-01 9.221735322525619338e-01 8.756289260650472750e-01 8.385375224116725645e-01 7.701105164233911227e-01 7.030474270897745237e-01 6.011482777043435366e-01 5.170285006331288846e-01 4.284873045901053668e-01 3.492999905487347290e-01 2.906352989994301916e-01 2.235167291923345623e-01 1.565169689573287504e-01 7.152648434784757148e-02 2.796175283946215895e-02 1.316722713365784878e-02 3.389391404295422072e-03 -7.189653038804239178e-03 -2.861600219452437033e-02 6.756750930680684997e-01 3.649287188236188806e-01
8.347560707111271183e-01 8.327631497970631180e-01 8.294679063072062375e-01 8.204263513834879618e-01 7.926893916713950716e-01 7.701105164233911227e-01 7.241197017130868163e-01 6.736041912894804584e-01 5.911766332974517368e-01 5.192261295434078550e-01 4.406593965649795996e-01 3.681831266740624997e-01 3.128335212101995277e-01 2.427066951233106673e-01 1.733451231441034412e-01 8.296885374962904847e-02 3.475581688399662084e-02 1.504179526450334647e-02 3.948999518545514924e-04 -1.462077771666926186e-02 1.677051043113011314e-02 6.581116030367252234e-01 3.628792210646780703e-01
7.228277026965613805e-01 7.247288308553682112e-01 7.271888502946268762e-01 7.268576234616339615e-01 7.129521821840917317e-01 7.030474270897745237e-01 6.736041912894804584e-01 6.423763217517051149e-01 5.784593792152878944e-01 5.201064204978260719e-01 4.535169845319888537e-01 3.890542786188929125e-01 3.369736039450698661e-01 2.660075189809779084e-01 1.931330874875026860e-01 9.910446268729408703e-02 4.843252478239211400e-02 2.378660372537797635e-02 4.262005789029637767e-03 -1.537105075148178721e-02 3.864159067645608903e-02 6.415849769073531661e-01 3.567478093076459911e-01
5.717084000493380946e-01 5.782089119578140979e-01 5.869934605641653480e-01 5.963296790681537063e-01 5.984128709760977438e-01 6.011482777043435366e-01 5.911766332974517368e-01 5.784593792152878944e-01 5.444879845819612374e-01 5.064978718079241604e-01 4.591751213149075084e-01 4.108655423796746531e-01 3.689926081300644589e-01 3.099801844009854590e-01 2.431117742934247317e-01 1.471773065563066196e-01 9.599541768964847677e-02 6.728658230493082815e-02 4.378941127257870297e-02 2.048918606546233645e-02 6.975484830143627302e-02 5.930574970191810902e-01 3.354466874663855624e-01
4.598755601845235796e-01 4.684569989310103377e-01 4.804906609373609250e-01 4.953353651598003671e-01 5.069254124050225352e-01 5.170285006331288846e-01 5.192261295434078550e-01 5.201064204978260719e-01 5.064978718079241604e-01 4.930856489135021503e-01 4.658100892202429177e-01 4.365981177879454389e-01 4.097261677817742864e-01 3.602544420037336881e-01 3.027950140315818772e-01 2.097885743417809423e-01 1.600031703704700714e-01 1.305378562261655662e-01 1.066361494956152983e-01 8.314756748227079830e-02 8.586686699126289124e-02 5.575214009831918061e-01 3.183189850486154437e-01
3.467033267841309607e-01 3.581143025432786953e-01 3.732507079045697673e-01 3.928085988830446462e-01 4.117901079916711504e-01 4.284873045901053668e-01 4.406593965649795996e-01 4.535169845319888537e-01 4.591751213149075084e-01 4.658100892202429177e-01 4.710617219166601810e-01 4.653003092229936466e-01 4.595678436437878323e-01 4.194459292999712652e-01 3.766537400407136693e-01 2.924508530978076615e-01 2.465490855833500083e-01 2.197402780049328985e-01 1.981554011197986520e-01 1.773218397441343186e-01 9.257167424511707210e-02 5.170998803911194264e-01 2.980001822117920307e-01
2.530831589947198368e-01 2.665619622265636979e-01 2.832485496333599362e-01 3.056123450371144301e-01 3.294316402657680998e-01 3.492999905487347290e-01 3.681831266740624997e-01 3.890542786188929125e-01 4.108655423796746531e-01 4.365981177879454389e-01 4.653003092229936466e-01 4.953846486314436581e-01 5.198269287713034315e-01 5.062273560652753579e-01 4.942988228065350875e-01 4.288437551583712537e-01 3.944138722604541569e-01 3.763404872333734330e-01 3.636085628122607272e-01 3.521456824954801168e-01 9.010362422105760993e-02 4.649962011735496170e-01 2.698684501742049657e-01
1.875623982978691096e-01 2.021025646511566132e-01 2.192495837445482265e-01 2.431056749616862522e-01 2.706712797128298931e-01 2.906352989994301916e-01 3.128335212101995277e-01 3.369736039450698661e-01 3.689926081300644589e-01 4.097261677817742864e-01 4.595678436437878323e-01 5.198269287713034315e-01 5.963761137676171220e-01 6.306765501950365449e-01 6.714302426166364191e-01 6.315181358248534993e-01 6.113527067326209874e-01 6.063629654833733174e-01 6.074882721960319643e-01 6.106769210275619919e-01 1.021551625439160865e-01 4.231682612775980457e-01 2.457413179694720173e-01
1.365278567166911539e-01 1.490443340055639110e-01 1.637818192504396642e-01 1.844108585152422486e-01 2.104265810073416287e-01 2.235167291923345623e-01 2.427066951233106673e-01 2.660075189809779084e-01 3.099801844009854590e-01 3.602544420037336881e-01 4.194459292999712652e-01 5.062273560652753579e-01 6.306765501950365449e-01 8.652742542611816523e-01 9.939635978117620230e-01 9.855592284321473828e-01 9.891388330832160403e-01 1.006116919221099693e+00 1.028829348655053710e+00 1.054673577507987625e+00 1.033765897193187067e-01 3.136358051780799849e-01 1.737623176944036452e-01
6.892076629831232759e-02 8.320781569580433523e-02 9.922879827271434416e-02 1.200348919526919994e-01 1.448821714936094629e-01 1.565169689573287504e-01 1.733451231441034412e-01 1.931330874875026860e-01 2.431117742934247317e-01 3.027950140315818772e-01 3.766537400407136693e-01 4.942988228065350875e-01 6.714302426166364191e-01 9.939635978117620230e-01 1.284996344983824645e+00 1.332120124965296082e+00 1.371773218734406941e+00 1.426268579825171523e+00 1.486775639201031396e+00 1.551792367747286239e+00 1.083827915222766169e-01 1.990965706514275235e-01 1.104609357158678334e-01
-1.683844828650883294e-02 3.664630146192959098e-03 2.151193492605693938e-02 4.211912432676624685e-02 6.013186690652797678e-02 7.152648434784757148e-02 8.296885374962904847e-02 9.910446268729408703e-02 1.471773065563066196e-01 2.097885743417809423e-01 2.924508530978076615e-01 4.288437551583712537e-01 6.315181358248534993e-01 9.855592284321473828e-01 1.332120124965296082e+00 1.529584169599905730e+00 1.606253437718464516e+00 1.695085847651576438e+00 1.790814443671066458e+00 1.892413817666426468e+00 -2.013179292173024847e-03 3.180052890756206174e-02 1.240772129799918265e-02
-5.392750972188198322e-02 -3.310004340623979441e-02 -1.448840035701615472e-02 5.100915755385043715e-03 1.766245487665439248e-02 2.796175283946215895e-02 3.475581688399662084e-02 4.843252478239211400e-02 9.599541768964847677e-02 1.600031703704700714e-01 2.465490855833500083e-01 3.944138722604541569e-01 6.113527067326209874e-01 9.891388330832160403e-01 1.371773218734406941e+00 1.606253437718464516e+00 1.776735694690305456e+00 1.892643171702452776e+00 2.015708326044536758e+00 2.147722621368845175e+00 -6.502697268385293494e-02 -4.812100500328934938e-02 -3.447821628290618362e-02
-5.609801095223538453e-02 -3.613170911631238130e-02 -1.883187065117429906e-02 -2.102931872301423959e-03 4.359087074736604263e-03 1.316722713365784878e-02 1.504179526450334647e-02 2.378660372537797635e-02 6.728658230493082815e-02 1.305378562261655662e-01 2.197402780049328985e-01 3.763404872333734330e-01 6.063629654833733174e-01 1.006116919221099693e+00 1.426268579825171523e+00 1.695085847651576438e+00 1.892643171702452776e+00 2.052612770680897647e+00 2.206682962580812646e+00 2.372838120365333037e+00 -1.080691942380825193e-01 -7.146814355916725203e-02 -5.204746344533884433e-02
-5.495775386328463630e-02 -3.540721763212240775e-02 -1.908801500443239527e-02 -4.720778494629210981e-03 -3.740235691488338551e-03 3.389391404295422072e-03 3.948999518545514924e-04 4.262005789029637767e-03 4.378941127257870297e-02 1.066361494956152983e-01 1.981554011197986520e-01 3.636085628122607272e-01 6.074882721960319643e-01 1.028829348655053710e+00 1.486775639201031396e+00 1.790814443671066458e+00 2.015708326044536758e+00 2.206682962580812646e+00 2.396783033490746284e+00 2.595933834144346530e+00 -1.475780474596517233e-01 -8.951825779126675042e-02 -6.663200172700070589e-02
-5.635939391121943393e-02 -3.691227200701542588e-02 -2.127342235054940217e-02 -8.914157839782319015e-03 -1.298662636471788548e-02 -7.189653038804239178e-03 -1.462077771666926186e-02 -1.537105075148178721e-02 2.048918606546233645e-02 8.314756748227079830e-02 1.773218397441343186e-01 3.521456824954801168e-01 6.106769210275619919e-01 1.054673577507987625e+00 1.551792367747286239e+00 1.892413817666426468e+00 2.147722621368845175e+00 2.372838120365333037e+00 2.595933834144346530e+00 2.829059362317988935e+00 -1.822370837880460948e-01 -1.129822989331577404e-01 -8.358749846240026704e-02
-1.715751389593709042e-01 -1.575445808611841136e-01 -1.350387625835640648e-01 -1.031103320461504852e-01 -4.244886188269150068e-02 -2.861600219452437033e-02 1.677051043113011314e-02 3.864159067645608903e-02 6.975484830143627302e-02 8.586686699126289124e-02 9.257167424511707210e-02 9.010362422105760993e-02 1.021551625439160865e-01 1.033765897193187067e-01 1.083827915222766169e-01 -2.013179292173024847e-03 -6.502697268385293494e-02 -1.080691942380825193e-01 -1.475780474596517233e-01 -1.822370837880460948e-01 1.059363581088551998e+00 -8.408448182898173306e-02 4.507097696628783318e-02
6.830775940574942418e-01 6.764110576131300290e-01 6.744917292874047510e-01 6.788282554505670197e-01 6.756070396967536196e-01 6.756750930680684997e-01 6.581116030367252234e-01 6.415849769073531661e-01 5.930574970191810902e-01 5.575214009831918061e-01 5.170998803911194264e-01 4.649962011735496170e-01 4.231682612775980457e-01 3.136358051780799849e-01 1.990965706514275235e-01 3.180052890756206174e-02 -4.812100500328934938e-02 -7.146814355916725203e-02 -8.951825779126675042e-02 -1.129822989331577404e-01 -8.408448182898173306e-02 1.134563043755284273e+00 6.175717971405598750e-01
3.271105615360594410e-01 3.304634303679607199e-01 3.376461053587379579e-01 3.487650303355481207e-01 3.577261039480089111e-01 3.649287188236188806e-01 3.628792210646780703e-01 3.567478093076459911e-01 3.354466874663855624e-01 3.183189850486154437e-01 2.980001822117920307e-01 2.698684501742049657e-01 2.457413179694720173e-01 1.737623176944036452e-01 1.104609357158678334e-01 1.240772129799918265e-02 -3.447821628290618362e-02 -5.204746344533884433e-02 -6.663200172700070589e-02 -8.358749846240026704e-02 4.507097696628783318e-02 6.175717971405598750e-01 3.666052691852830780e-01
