-1.241115015288602308e+01
-1.250488539684127431e+01
-1.263163054444411948e+01
-1.279013654129119537e+01
-1.299461119338826443e+01
-1.321392165878049241e+01
-1.349439149403653104e+01
-1.380473415467204923e+01
-1.418855409371723120e+01
-1.460972808140760826e+01
-1.511062337638657205e+01
-1.571696759992878789e+01
-1.641041580000255706e+01
-1.720084429574220053e+01
-1.807882903434340349e+01
-1.896874101671997792e+01
-1.975845281394664710e+01
-2.049284396750151416e+01
-2.122120207969578587e+01
-2.194456606392736830e+01
-1.305882202358173094e+00
3.293027176572145009e+01
1.332684601960182569e+00
