-1.241115015288602308e+01
-1.250488539684127431e+01
-1.263163054444411948e+01
-1.279013654129119537e+01
-1.299461119338826443e+01
-1.321392165878049241e+01
-1.349439149403653104e+01
-1.380473415467204923e+01
-1.418855409371723120e+01
-1.460972808140760826e+01
-1.511062337638657205e+01
-1.571822577580600999e+01
-1.641466687871742991e+01
-1.722891618773259381e+01
-1.823367091930636619e+01
-1.936313233696048997e+01
-2.055234377864636031e+01
-2.177322972625983155e+01
-2.299687135474619026e+01
-2.421212284825525174e+01
-1.305882202358173094e+00
3.293027176572145009e+01
1.332684601960182569e+00
