-1.231455608354986353e+01
-1.240829047900681914e+01
-1.253503471915828449e+01
-1.269353973688317616e+01
-1.289801341961017833e+01
-1.311732288187119799e+01
-1.339779142773618581e+01
-1.370813256471575947e+01
-1.409195109359470344e+01
-1.451312329797994138e+01
-1.501401563299620356e+01
-1.562072740568469342e+01
-1.631505299149586108e+01
-1.711248594329650174e+01
-1.802599668756148787e+01
-1.898005070572316200e+01
-1.987119919943506474e+01
-2.071705011211793135e+01
-2.155426018670651445e+01
-2.238777556902199706e+01
-1.305882202358173094e+00
3.293027176572145009e+01
1.332684601960182569e+00
