-1.241115015288602308e+01
-1.250488539684127431e+01
-1.263163054444411948e+01
-1.279013654129119537e+01
-1.299461119338826443e+01
-1.321392165878049241e+01
-1.349439149403653104e+01
-1.380473415467204923e+01
-1.418855409371723120e+01
-1.460972808140760826e+01
-1.511062337638657205e+01
-1.571670327726550731e+01
-1.640952271623892500e+01
-1.719494683944169822e+01
-1.804629922657807484e+01
-1.888588569734172040e+01
-1.959166899783324567e+01
-2.022385536272036433e+01
-2.084816231602971470e+01
-2.146818858822821952e+01
-1.305882202358173094e+00
3.293027176572145009e+01
1.332684601960182569e+00
