-1.241115015288602308e+01
-1.250488539684127431e+01
-1.263163054444411948e+01
-1.279013654129119537e+01
-1.299461119338826443e+01
-1.321392165878049241e+01
-1.349439149403653104e+01
-1.380473415467204923e+01
-1.418855409371723120e+01
-1.460972808140760826e+01
-1.511062337638657205e+01
-1.571778171373169464e+01
-1.641316649799453486e+01
-1.721900846114774453e+01
-1.817902084226061632e+01
-1.922393540040500781e+01
-2.027214696757586410e+01
-2.132132887022748946e+01
-2.237016455178721230e+01
-2.341180868908069002e+01
-1.305882202358173094e+00
3.293027176572145009e+01
1.332684601960182569e+00
