2.500000000000000486e-02
3.265474701752490994e-02
4.265330011114204511e-02
5.571330898367637952e-02
7.277216041484597941e-02
9.505425953062140998e-02
1.241589119164238364e-01
1.621751143440790799e-01
2.118314932577629872e-01
2.766921529070711094e-01
3.614124901965889980e-01
4.720733374537324778e-01
6.166174163308115741e-01
8.054194294752986538e-01
1.052030708500604650e+00
1.374151865630189207e+00
1.794903261432546859e+00
2.344484476920405847e+00
3.062341899214000573e+00
4.000000000000000000e+00
